79	80	81	82	83	84	85	86	87	88	89	90	91	92	93	94	95	96	97	98	99	00	01	02	03	04	05	06	07	08	09	10	11	12	13	14	15	16	17	18
0	1	1	1	1	0.962493801909012	1.45385521259452	0.992639766951779	0.797461881740424	0.73986612123466	0.79853105243585	0.477283996529069	0.844497644725425	0.465236457171191	1.15925994793604	0.194666542704847	0.200639952894509	0.375991694558076	0	0.237774265526218	0	0.0364292797818272	0.279936779471923	0.217041651171439	0.263054729143424	0.307619003346969	0.380973410189662	0.555426428659973	0.406013697781083	0.307061175158051	0.383646336928226	0.120335936531548	0.161468017850502	0.146894756415024	0.172647824470063	0.142633568860791	0.249728833519276	0.0640572703607289	0.152139890913599	0.152139890913599	0.152139890913599
	1	1	1	1	0.962493801909012	1.45385521259452	0.992639766951779	0.797461881740424	0.73986612123466	0.79853105243585	0.477283996529069	0.844497644725425	0.465236457171191	1.15925994793604	0.194666542704847	0.200639952894509	0.375991694558076	0	0.237774265526218	0	0.0364292797818272	0.279936779471923	0.217041651171439	0.263054729143424	0.307619003346969	0.380973410189662	0.555426428659973	0.406013697781083	0.307061175158051	0.383646336928226	0.120335936531548	0.161468017850502	0.146894756415024	0.172647824470063	0.142633568860791	0.249728833519276	0.0640572703607289	0.152139890913599	0.152139890913599	0.152139890913599
	1	1	1	1	0.962493801909012	1.45385521259452	0.992639766951779	0.797461881740424	0.73986612123466	0.79853105243585	0.477283996529069	0.844497644725425	0.465236457171191	1.15925994793604	0.194666542704847	0.200639952894509	0.375991694558076	0	0.237774265526218	0	0.0364292797818272	0.279936779471923	0.217041651171439	0.263054729143424	0.307619003346969	0.380973410189662	0.555426428659973	0.406013697781083	0.307061175158051	0.383646336928226	0.120335936531548	0.161468017850502	0.146894756415024	0.172647824470063	0.142633568860791	0.249728833519276	0.0640572703607289	0.152139890913599	0.152139890913599	0.152139890913599
	1	1	1	1	0.962493801909012	1.45385521259452	0.992639766951779	0.797461881740424	0.73986612123466	0.79853105243585	0.477283996529069	0.844497644725425	0.465236457171191	1.15925994793604	0.194666542704847	0.200639952894509	0.375991694558076	0	0.237774265526218	0	0.0364292797818272	0.279936779471923	0.217041651171439	0.263054729143424	0.307619003346969	0.380973410189662	0.555426428659973	0.406013697781083	0.307061175158051	0.383646336928226	0.120335936531548	0.161468017850502	0.146894756415024	0.172647824470063	0.142633568860791	0.249728833519276	0.0640572703607289	0.152139890913599	0.152139890913599	0.152139890913599
2	1	1	1	1	0	0	0	0	0	0	0	0	0	0	0	0	0	0	0	0	0	0	0	0	0	0	0	0	0	0	0	0	0	0	0	0	0	0	0	0
	1	1	1	1	0	0	0	0	0	0	0	0	0	0	0	0	0	0	0	0	0	0	0	0	0	0	0	0	0	0	0	0	0	0	0	0	0	0	0	0
	1	1	1	1	0	0	0	0	0	0	0	0	0	0	0	0	0	0	0	0	0	0	0	0	0	0	0	0	0	0	0	0	0	0	0	0	0	0	0	0
	1	1	1	1	1.14823740972039	1.79045161794744	1.53530946726478	1.37425552916801	1.44953235406222	1.56258832497728	0.929709443809189	1.72657421252724	1.25493691422093	1.78358694696103	1.95379638588364	1.17846385394982	0.732424429002844	0	0.457016643699729	0	0.00353397640758007	0.00863165919019556	0.0781618631561459	0.0294915022331682	0	0.13463511889055	0.128990138876672	0.191092737561204	0.0318761544550972	0.454092512778413	0.0319777953694745	0.0455664037685324	0.0668719031283901	0.20590103693279	0.020171812237957	0.221506826555644	0.0353163084801751	0.0923316490912586	0.0923316490912586	0.0923316490912586
6	1	1	1	1	0	0	0	0	0	0	0	0	0	0	0	0	0	0	0	0	0	0	0	0	0	0	0	0	0	0	0	0	0	0	0	0	0	0	0	0
	1	1	1	1	0	0	0	0	0	0	0	0	0	0	0	0	0	0	0	0	0	0	0	0	0	0	0	0	0	0	0	0	0	0	0	0	0	0	0	0
	1	1	1	1	1.14823740972039	1.79045161794744	1.53530946726478	1.37425552916801	1.44953235406222	1.56258832497728	0.929709443809189	1.72657421252724	1.25493691422093	1.78358694696103	1.95379638588364	1.17846385394982	0.732424429002844	0	0.457016643699729	0	0.00353397640758007	0.00863165919019556	0.0781618631561459	0.0294915022331682	0	0.13463511889055	0.128990138876672	0.191092737561204	0.0318761544550972	0.454092512778413	0.0319777953694745	0.0455664037685324	0.0668719031283901	0.20590103693279	0.020171812237957	0.221506826555644	0.0353163084801751	0.0923316490912586	0.0923316490912586	0.0923316490912586
	1	1	1	1	1.14823740972039	1.79045161794744	1.53530946726478	1.37425552916801	1.44953235406222	1.56258832497728	0.929709443809189	1.72657421252724	1.25493691422093	1.78358694696103	1.95379638588364	1.17846385394982	0.732424429002844	0	0.457016643699729	0	0.00353397640758007	0.00863165919019556	0.0781618631561459	0.0294915022331682	0	0.13463511889055	0.128990138876672	0.191092737561204	0.0318761544550972	0.454092512778413	0.0319777953694745	0.0455664037685324	0.0668719031283901	0.20590103693279	0.020171812237957	0.221506826555643	0.0353163084801751	0.0923316490912586	0.0923316490912586	0.0923316490912586
7	1	1	1	1	1.14823740972039	1.79045161794744	1.53530946726478	1.37425552916801	1.44953235406222	1.56258832497728	0.929709443809189	1.72657421252724	1.25493691422093	1.78358694696103	1.95379638588364	1.17846385394982	0.732424429002844	0	0.457016643699729	0	0.00353397640758007	0.00863165919019556	0.0781618631561459	0.0294915022331682	0	0.13463511889055	0.128990138876672	0.191092737561204	0.0318761544550972	0.454092512778413	0.0319777953694745	0.0455664037685324	0.0668719031283901	0.20590103693279	0.020171812237957	0.221506826555644	0.0353163084801751	0.0923316490912586	0.0923316490912586	0.0923316490912586
	1	1	1	1	1.14823740972039	1.79045161794744	1.53530946726478	1.37425552916801	1.44953235406222	1.56258832497728	0.929709443809189	1.72657421252724	1.25493691422093	1.78358694696103	1.95379638588364	1.17846385394982	0.732424429002844	0	0.457016643699729	0	0.00353397640758007	0.00863165919019556	0.0781618631561459	0.0294915022331682	0	0.13463511889055	0.128990138876672	0.191092737561204	0.0318761544550972	0.454092512778413	0.0319777953694745	0.0455664037685324	0.0668719031283901	0.20590103693279	0.020171812237957	0.221506826555644	0.0353163084801751	0.0923316490912586	0.0923316490912586	0.0923316490912586
	1	1	1	1	0	0	0	0	0	0	0	0	0	0	0	0	0	0	0	0	0	0	0	0	0	0	0	0	0	0	0	0	0	0	0	0	0	0	0	0
	1	1	1	1	0	0	0	0	0	0	0	0	0	0	0	0	0	0	0	0	0	0	0	0	0	0	0	0	0	0	0	0	0	0	0	0	0	0	0	0
8	1	1	1	1	0	0	0	0	0	0	0	0	0	0	0	0	0	0	0	0	0	0	0	0	0	0	0	0	0	0	0	0	0	0	0	0	0	0	0	0
	1	1	1	1	1.14823740972039	1.79045161794744	1.53530946726478	1.37425552916801	1.44953235406222	1.56258832497728	0.929709443809189	1.72657421252724	1.25493691422093	1.78358694696103	1.95379638588364	1.17846385394982	0.732424429002844	0	0.457016643699729	0	0.00353397640758007	0.00863165919019556	0.0781618631561459	0.0294915022331682	0	0.13463511889055	0.128990138876672	0.191092737561204	0.0318761544550972	0.454092512778413	0.0319777953694745	0.0455664037685324	0.0668719031283901	0.20590103693279	0.020171812237957	0.221506826555644	0.0353163084801751	0.0923316490912586	0.0923316490912586	0.0923316490912586
	1	1	1	1	0	0	0	0	0	0	0	0	0	0	0	0	0	0	0	0	0	0	0	0	0	0	0	0	0	0	0	0	0	0	0	0	0	0	0	0
	1	1	1	1	0	0	0	0	0	0	0	0	0	0	0	0	0	0	0	0	0	0	0	0	0	0	0	0	0	0	0	0	0	0	0	0	0	0	0	0
9	1	1	1	1	0	0	0	0	0	0	0	0	0	0	0	0	0	0	0	0	0	0	0	0	0	0	0	0	0	0	0	0	0	0	0	0	0	0	0	0
	1	1	1	1	1.14823740972039	1.79045161794744	1.53530946726478	1.37425552916801	1.44953235406222	1.56258832497728	0.929709443809189	1.72657421252724	1.25493691422093	1.78358694696103	1.95379638588364	1.17846385394982	0.732424429002844	0	0.457016643699729	0	0.00353397640758007	0.00863165919019556	0.0781618631561459	0.0294915022331682	0	0.13463511889055	0.128990138876672	0.191092737561204	0.0318761544550972	0.454092512778413	0.0319777953694745	0.0455664037685324	0.0668719031283901	0.20590103693279	0.020171812237957	0.221506826555644	0.0353163084801751	0.0923316490912586	0.0923316490912586	0.0923316490912586
	1	1	1	1	1.14823740972039	1.79045161794744	1.53530946726478	1.37425552916801	1.44953235406222	1.56258832497728	0.929709443809189	1.72657421252724	1.25493691422093	1.78358694696103	1.95379638588364	1.17846385394982	0.732424429002844	0	0.457016643699729	0	0.00353397640758007	0.00863165919019556	0.0781618631561459	0.0294915022331682	0	0.13463511889055	0.128990138876672	0.191092737561204	0.0318761544550972	0.454092512778413	0.0319777953694745	0.0455664037685324	0.0668719031283901	0.20590103693279	0.020171812237957	0.221506826555644	0.0353163084801751	0.0923316490912586	0.0923316490912586	0.0923316490912586
	1	1	1	1	1.14823740972039	1.79045161794744	1.53530946726478	1.37425552916801	1.44953235406222	1.56258832497728	0.929709443809189	1.72657421252724	1.25493691422093	1.78358694696103	1.95379638588364	1.17846385394982	0.732424429002844	0	0.457016643699729	0	0.00353397640758007	0.00863165919019556	0.0781618631561459	0.0294915022331682	0	0.13463511889055	0.128990138876672	0.191092737561204	0.0318761544550972	0.454092512778413	0.0319777953694745	0.0455664037685324	0.0668719031283901	0.20590103693279	0.020171812237957	0.221506826555643	0.0353163084801751	0.0923316490912586	0.0923316490912586	0.0923316490912586
10	1	1	1	1	0	0	0	0	0	0	0	0	0	0	0	0	0	0	0	0	0	0	0	0	0	0	0	0	0	0	0	0	0	0	0	0	0	0	0	0
	1	1	1	1	0.974023688625014	1.30705245507443	0.951378877285243	0.866641772314188	0.579874715990584	0.626900915834972	0.376842199943652	0.717184425678678	0.520243504770612	0.739198807571268	0.781518554353457	0.47138554157993	0.29535014382601	0	0.191306810199851	0	0.00141359056303203	0.0457681041787843	0.253290052160939	0.484181057090094	0.348271518928695	0.322271903093434	0.304220264924586	0.255302711755726	0.46058166675968	0.366630638919789	0.226785757505611	0.30772594891162	0.27268486596577	0.149126149218846	0.198082555489281	0.275552552677765	0.102072628689908	0.191902578952318	0.191902578952318	0.191902578952318
	1	1	1	1	1.07564835926398	1.58903530008368	1.29200505477331	1.16274979714558	1.0871750048657	1.17271857116798	0.699348092198548	1.30599513467367	0.948814660283299	1.3484252222153	1.46534728941273	0.883847890462369	0.550310143512497	0	0.34630421307478	0	0.00265048230568505	0.0241051779354409	0.151131941908143	0.218945483423554	0.145113132886956	0.212817112308419	0.202002691396636	0.217846893475588	0.210503451248673	0.41765006533732	0.113147779592865	0.154799547578152	0.152627304310632	0.182244833718646	0.0943012885926752	0.244025879106528	0.0631314419008973	0.133819536533367	0.133819536533367	0.133819536533367
	1	1	1	1	1.14823740972039	1.79045161794744	1.53530946726478	1.37425552916801	1.44953235406222	1.56258832497728	0.929709443809189	1.72657421252724	1.25493691422093	1.78358694696103	1.95379638588364	1.17846385394982	0.732424429002844	0	0.457016643699729	0	0.00353397640758007	0.00863165919019556	0.0781618631561458	0.0294915022331682	0	0.13463511889055	0.128990138876672	0.191092737561204	0.0318761544550972	0.454092512778413	0.0319777953694745	0.0455664037685324	0.0668719031283901	0.20590103693279	0.020171812237957	0.221506826555643	0.0353163084801751	0.0923316490912585	0.0923316490912585	0.0923316490912585
11	1	1	1	1	0	0	0	0	0	0	0	0	0	0	0	0	0	0	0	0	0	0	0	0	0	0	0	0	0	0	0	0	0	0	0	0	0	0	0	0
	1	1	1	1	1.14823740972039	1.79045161794744	1.53530946726478	1.37425552916801	1.44953235406222	1.56258832497728	0.929709443809189	1.72657421252724	1.25493691422093	1.78358694696103	1.95379638588364	1.17846385394982	0.732424429002844	0	0.457016643699729	0	0.00353397640758007	0.00863165919019556	0.0781618631561459	0.0294915022331682	0	0.13463511889055	0.128990138876672	0.191092737561204	0.0318761544550972	0.454092512778413	0.0319777953694745	0.0455664037685324	0.0668719031283901	0.20590103693279	0.020171812237957	0.221506826555644	0.0353163084801751	0.0923316490912586	0.0923316490912586	0.0923316490912586
	1	1	1	1	1.14823740972039	1.79045161794744	1.53530946726478	1.37425552916801	1.44953235406222	1.56258832497728	0.929709443809189	1.72657421252724	1.25493691422093	1.78358694696103	1.95379638588364	1.17846385394982	0.732424429002844	0	0.457016643699729	0	0.00353397640758007	0.00863165919019556	0.0781618631561458	0.0294915022331682	0	0.13463511889055	0.128990138876672	0.191092737561204	0.0318761544550972	0.454092512778413	0.0319777953694745	0.0455664037685324	0.0668719031283901	0.20590103693279	0.020171812237957	0.221506826555643	0.0353163084801751	0.0923316490912586	0.0923316490912586	0.0923316490912586
	1	1	1	1	1.14823740972039	1.79045161794744	1.53530946726478	1.37425552916801	1.44953235406222	1.56258832497728	0.929709443809189	1.72657421252724	1.25493691422093	1.78358694696103	1.95379638588364	1.17846385394982	0.732424429002844	0	0.457016643699729	0	0.00353397640758007	0.00863165919019556	0.0781618631561459	0.0294915022331682	0	0.13463511889055	0.128990138876672	0.191092737561204	0.0318761544550972	0.454092512778413	0.0319777953694745	0.0455664037685324	0.0668719031283901	0.20590103693279	0.020171812237957	0.221506826555644	0.0353163084801751	0.0923316490912586	0.0923316490912586	0.0923316490912586
12	1	1	1	1	1.14823740972039	1.79045161794744	1.53530946726478	1.37425552916801	1.44953235406222	1.56258832497728	0.929709443809189	1.72657421252724	1.25493691422093	1.78358694696103	1.95379638588364	1.17846385394982	0.732424429002844	0	0.457016643699729	0	0.00353397640758007	0.00863165919019556	0.0781618631561459	0.0294915022331682	0	0.13463511889055	0.128990138876672	0.191092737561204	0.0318761544550972	0.454092512778413	0.0319777953694745	0.0455664037685324	0.0668719031283901	0.20590103693279	0.020171812237957	0.221506826555643	0.0353163084801751	0.0923316490912586	0.0923316490912586	0.0923316490912586
	1	1	1	1	1.06923755544098	1.57636469293453	1.26685414885079	1.14150304699783	1.06206504264051	1.14565782598549	0.683275540935517	1.27623022849767	0.927176010472477	1.32037977886565	1.43162450512796	0.86361632813994	0.537712659387822	0	0.338423529723336	0	0.0056558968071794	0.0439373338076029	0.160559698678781	0.226013623986446	0.156869404720324	0.226768719196982	0.225848295013205	0.237492022844527	0.226061746305418	0.41483716471701	0.117300761219239	0.158794973789818	0.154169430233522	0.184427377494553	0.0973572618386927	0.244546797334522	0.0642591023264674	0.135387720499894	0.135387720499894	0.135387720499894
	1	1	1	1	1.07792693932315	1.59535778539779	1.29964241301295	1.16938899052745	1.09854945080461	1.1849566351889	0.706579166015923	1.31919716850764	0.958423879016767	1.362085007297	1.48067977226159	0.893095925190674	0.556026735433718	0	0.349779491166146	0	0.00267821530439924	0.0236194621003883	0.148841401319515	0.212998497466905	0.140558012123689	0.210362969017275	0.199710817550718	0.217007076922222	0.204896316371745	0.418793998665067	0.110599842868364	0.151370704498926	0.14993543073092	0.182987405119987	0.0919743543573253	0.243319003017486	0.0622583211208746	0.132517226165229	0.132517226165229	0.132517226165229
	1	1	1	1	1.14823740972039	1.79045161794744	1.53530946726478	1.37425552916801	1.44953235406222	1.56258832497728	0.929709443809189	1.72657421252724	1.25493691422093	1.78358694696103	1.95379638588364	1.17846385394982	0.732424429002844	0	0.457016643699729	0	0.00353397640758007	0.00863165919019556	0.0781618631561459	0.0294915022331682	0	0.13463511889055	0.128990138876672	0.191092737561204	0.0318761544550972	0.454092512778413	0.0319777953694745	0.0455664037685324	0.0668719031283901	0.20590103693279	0.020171812237957	0.221506826555644	0.0353163084801751	0.0923316490912586	0.0923316490912586	0.0923316490912586
13	1	1	1	1	1.14823740972039	1.79045161794744	1.53530946726478	1.37425552916801	1.44953235406222	1.56258832497728	0.929709443809189	1.72657421252724	1.25493691422093	1.78358694696103	1.95379638588364	1.17846385394982	0.732424429002844	0	0.457016643699729	0	0.00353397640758007	0.00863165919019556	0.0781618631561459	0.0294915022331682	0	0.13463511889055	0.128990138876672	0.191092737561204	0.0318761544550972	0.454092512778413	0.0319777953694745	0.0455664037685324	0.0668719031283901	0.20590103693279	0.020171812237957	0.221506826555644	0.0353163084801751	0.0923316490912586	0.0923316490912586	0.0923316490912586
	1	1	1	1	1.13626437919854	1.76278561316576	1.4912012780289	1.33658197483063	1.39724667710759	1.50628472427149	0.896351110750763	1.66521399371414	1.21030356020545	1.72308638249108	1.88345207819002	1.13615275463964	0.706170832359036	0	0.440814979622383	0	0.00673581503430149	0.0312312274786005	0.09343658855015	0.0502490082468703	0.0227849833973307	0.155181141679471	0.159920655489267	0.214268313269332	0.0611033650223583	0.448521904193719	0.0420922116172658	0.057447844099461	0.0744684960931796	0.206636808361676	0.0286090260996599	0.22362755863259	0.0384615090756685	0.0968993646026393	0.0968993646026393	0.0968993646026393
	1	1	1	1	1.13844226074314	1.76327254854896	1.50247802847075	1.34571499665414	1.40063594067666	1.50997939434277	0.898624538531608	1.66982137310604	1.21362885103899	1.72486632868209	1.88788518250443	1.13870844682863	0.707849971201737	0	0.442077134988893	0	0.0034147579263605	0.0107196520811202	0.0880084279997889	0.0550563768034371	0.0195815311847459	0.145184978243323	0.13884243512033	0.194702936913507	0.0559800788417002	0.449174977702025	0.0429308534815464	0.060306297872963	0.0784437162999697	0.202708874571363	0.0301748259147383	0.224545542080582	0.0390696758815256	0.0979300146256153	0.0979300146256153	0.0979300146256153
	1	1	1	1	1.13375165400271	1.76333518553467	1.47739526948627	1.3254872540102	1.39483301994666	1.50362272780832	0.894655886584052	1.66150069331217	1.20763902037085	1.72328830224086	1.88038201946722	1.13446102368435	0.704990592655457	0	0.439770732616721	0	0.0112370765906451	0.0589063942189893	0.100347168918071	0.0426039373898754	0.0262508556593856	0.168244485093176	0.188017618541229	0.240594841531867	0.0669671271028342	0.447856494919362	0.0404697497973626	0.0529225970362144	0.068572298610184	0.212096310855336	0.0260444097039995	0.222249671859232	0.0374712601798087	0.0952551139143466	0.0952551139143466	0.0952551139143466
14	1	1	1	1	1.14823740972039	1.79045161794744	1.53530946726478	1.37425552916801	1.44953235406222	1.56258832497728	0.929709443809189	1.72657421252724	1.25493691422093	1.78358694696103	1.95379638588364	1.17846385394982	0.732424429002844	0	0.457016643699729	0	0.00353397640758007	0.00863165919019556	0.0781618631561459	0.0294915022331682	0	0.13463511889055	0.128990138876672	0.191092737561204	0.0318761544550972	0.454092512778413	0.0319777953694745	0.0455664037685324	0.0668719031283901	0.20590103693279	0.020171812237957	0.221506826555644	0.0353163084801751	0.0923316490912586	0.0923316490912586	0.0923316490912586
	1	1	1	1	1.13551251763892	1.75995663938347	1.48921282005088	1.33476384407755	1.392493193208	1.50117675294609	0.893345057073853	1.65978678433105	1.20634954316672	1.71707166825891	1.87702637545556	1.13226118634413	0.703778575899117	0	0.43939292423284	0	0.00627915971457998	0.0287115612604942	0.0937594258441876	0.0536138456644029	0.0244418145760842	0.154968213651207	0.158151994380244	0.212037222263909	0.0629851028576609	0.448085581002957	0.0433706195821212	0.0593994895490525	0.0762320895488156	0.205771813813027	0.0298834788044115	0.224073842100804	0.038942473273586	0.0976332647262673	0.0976332647262673	0.0976332647262673
	1	1	1	1	1.13748347631944	1.76061216344911	1.4992643691179	1.34292134664617	1.39584978381088	1.50482984293146	0.895581836163168	1.66426620099338	1.20958546919313	1.719118543295	1.88143355677684	1.13481704454428	0.705444534856126	0	0.440614802125663	0	0.00340308839248451	0.0109240323376393	0.0889722451934788	0.0575587587058179	0.0214982419091787	0.146217636433938	0.139806813324074	0.195056316215187	0.0583394576837751	0.448693631676029	0.0440029782173842	0.0617490917403279	0.0795764070072407	0.202396414234398	0.0311539568831004	0.224842982489108	0.0394370689869488	0.0984780027863857	0.0984780027863857	0.0984780027863857
	1	1	1	1	1.13800080901323	1.77128933904242	1.49438343416797	1.33979261472315	1.41087815795389	1.52091930297788	0.904938263370092	1.68058892561526	1.22151306923354	1.74097590469211	1.90191690028271	1.14736852056222	0.713037851317357	0	0.44482953320107	0	0.00897750053694605	0.0441591386105432	0.0938394792279065	0.0387576230772413	0.0185506046659659	0.158385737673739	0.170702891172959	0.226074224367139	0.0566737751261647	0.449685726824684	0.0379787764985154	0.050764780344361	0.0680735159355244	0.210279030504722	0.0243217811139604	0.222031770570179	0.0368391410145828	0.0943975642329075	0.0943975642329075	0.0943975642329075
15	1	1	1	1	1.14823740972039	1.79045161794744	1.53530946726478	1.37425552916801	1.44953235406222	1.56258832497728	0.929709443809189	1.72657421252724	1.25493691422093	1.78358694696103	1.95379638588364	1.17846385394982	0.732424429002844	0	0.457016643699729	0	0.00353397640758007	0.00863165919019556	0.0781618631561459	0.0294915022331682	0	0.13463511889055	0.128990138876672	0.191092737561204	0.0318761544550972	0.454092512778413	0.0319777953694745	0.0455664037685324	0.0668719031283901	0.20590103693279	0.020171812237957	0.221506826555644	0.0353163084801751	0.0923316490912586	0.0923316490912586	0.0923316490912586
	1	1	1	1	0	0	0	0	0	0	0	0	0	0	0	0	0	0	0	0	0	0	0	0	0	0	0	0	0	0	0	0	0	0	0	0	0	0	0	0
	1	1	1	1	0.857881207894764	0.984786346492417	0.562091817298882	0.528232601078306	0.000102957276162302	0.00310930974010152	0.00826403736662743	0.0442579011129682	0.0304478984703981	0.0429400479780907	0	0	0.00396728704145403	0	0.0141669211999327	0	0	0.0705257341711768	0.370042178164134	0.787307426994711	0.580452531547825	0.447363092562023	0.421040348956528	0.29810936121874	0.746385341629402	0.30832272301404	0.356657732263035	0.482498979007011	0.409893507857356	0.111276224076216	0.31668971765683	0.311583036759179	0.146576842163064	0.258283198859691	0.258283198859691	0.258283198859691
	1	1	1	1	1.14823740972039	1.79045161794744	1.53530946726478	1.37425552916801	1.44953235406222	1.56258832497728	0.929709443809189	1.72657421252724	1.25493691422093	1.78358694696103	1.95379638588364	1.17846385394982	0.732424429002844	0	0.457016643699729	0	0.00353397640758007	0.00863165919019556	0.0781618631561459	0.0294915022331682	0	0.13463511889055	0.128990138876672	0.191092737561204	0.0318761544550972	0.454092512778413	0.0319777953694745	0.0455664037685324	0.0668719031283901	0.20590103693279	0.020171812237957	0.221506826555644	0.0353163084801751	0.0923316490912586	0.0923316490912586	0.0923316490912586
16	1	1	1	1	0	0	0	0	0	0	0	0	0	0	0	0	0	0	0	0	0	0	0	0	0	0	0	0	0	0	0	0	0	0	0	0	0	0	0	0
	1	1	1	1	1.00748414999695	1.52697028300337	0.972576512183561	0.900390455551244	0.918037157572737	0.989639272485609	0.589105712771614	1.09427651748745	0.795359045644253	1.19768511576338	1.24045345887078	0.750903019870261	0.465858985827397	0	0.289443874343162	0	0.0783824331863622	0.497134501219975	0.293729084142855	0.156900663839173	0.255070814157031	0.4612061271594	0.702540482950613	0.672088181142805	0.372843438682275	0.393499205914637	0.114491285893787	0.117044081686176	0.0833940792264874	0.266098448546862	0.0772338842830034	0.228724806755509	0.0562552558282809	0.120737982288931	0.120737982288931	0.120737982288931
	1	1	1	1	0	0	0	0	0	0	0	0	0	0	0	0	0	0	0	0	0	0	0	0	0	0	0	0	0	0	0	0	0	0	0	0	0	0	0	0
	1	1	1	1	0	0	0	0	0	0	0	0	0	0	0	0	0	0	0	0	0	0	0	0	0	0	0	0	0	0	0	0	0	0	0	0	0	0	0	0
17	1	1	1	1	0	0	0	0	0	0	0	0	0	0	0	0	0	0	0	0	0	0	0	0	0	0	0	0	0	0	0	0	0	0	0	0	0	0	0	0
	1	1	1	1	1.03525365191531	1.57895306088402	1.08359926154195	0.99388027665165	1.02289694488788	1.10267757684567	0.656304127792567	1.2190238383657	0.886030114493037	1.31327890064184	1.38119036129885	0.835257381719614	0.518450233803984	0	0.322504652823568	0	0.063615426239678	0.400756764494564	0.251199380969462	0.131763846655783	0.204747365329144	0.396776257056068	0.589383548529835	0.577191594594791	0.305573297500124	0.405453784831669	0.0982120285756443	0.102942102677279	0.0801343849092612	0.254221976623003	0.0659759899917177	0.227300756503311	0.0521241675700472	0.115133638021692	0.115133638021692	0.115133638021692
	1	1	1	1	1.14823740972039	1.79045161794744	1.53530946726478	1.37425552916801	1.44953235406222	1.56258832497728	0.929709443809189	1.72657421252724	1.25493691422093	1.78358694696103	1.95379638588364	1.17846385394982	0.732424429002844	0	0.457016643699729	0	0.00353397640758007	0.00863165919019556	0.0781618631561459	0.0294915022331682	0	0.13463511889055	0.128990138876672	0.191092737561204	0.0318761544550972	0.454092512778413	0.0319777953694745	0.0455664037685324	0.0668719031283901	0.20590103693279	0.020171812237957	0.221506826555643	0.0353163084801751	0.0923316490912586	0.0923316490912586	0.0923316490912586
	1	1	1	1	1.14823740972039	1.79045161794744	1.53530946726478	1.37425552916801	1.44953235406222	1.56258832497728	0.929709443809189	1.72657421252724	1.25493691422093	1.78358694696103	1.95379638588364	1.17846385394982	0.732424429002844	0	0.457016643699729	0	0.00353397640758007	0.00863165919019556	0.0781618631561459	0.0294915022331682	0	0.13463511889055	0.128990138876672	0.191092737561204	0.0318761544550972	0.454092512778413	0.0319777953694745	0.0455664037685324	0.0668719031283901	0.20590103693279	0.020171812237957	0.221506826555644	0.0353163084801751	0.0923316490912586	0.0923316490912586	0.0923316490912586
18	1	1	1	1	0	0	0	0	0	0	0	0	0	0	0	0	0	0	0	0	0	0	0	0	0	0	0	0	0	0	0	0	0	0	0	0	0	0	0	0
	1	1	1	1	0.987250992139471	1.44372528473262	0.924158458290702	0.855032534398035	0.780535240946683	0.841931863212013	0.502271027367367	0.937967083859548	0.681450107544693	1.02138438220884	1.05444296043212	0.638131167102209	0.396634732354018	0	0.248537852199843	0	0.0618066020825828	0.403655771666625	0.298269206914555	0.260886431034034	0.30113053670262	0.445678865594148	0.630756966903209	0.588020351816128	0.423784698917485	0.381193566492798	0.153086859160389	0.177421788404108	0.139239242485578	0.236881769019384	0.116383709190298	0.242775420786569	0.0710458873984506	0.143401672458439	0.143401672458439	0.143401672458439
	1	1	1	1	0.972446281949747	1.42738060169721	0.856831626736854	0.799487287095037	0.739942003644985	0.798042528239209	0.475935952111259	0.887853057945675	0.645099844879447	0.982831025681793	1.00032764519155	0.606016867977149	0.376341230523769	0	0.235126381123702	0	0.076529005899506	0.496057757328402	0.327570238037635	0.252820093822053	0.325605558685031	0.495682452612728	0.729731488951985	0.677004077655442	0.459165323771398	0.375721181466815	0.155066674804024	0.172385124644851	0.127578476557705	0.252702961915755	0.114630827690241	0.240273801297012	0.0702962727799004	0.141733633922385	0.141733633922385	0.141733633922385
	1	1	1	1	0	0	0	0	0	0	0	0	0	0	0	0	0	0	0	0	0	0	0	0	0	0	0	0	0	0	0	0	0	0	0	0	0	0	0	0
19	1	1	1	1	0	0	0	0	0	0	0	0	0	0	0	0	0	0	0	0	0	0	0	0	0	0	0	0	0	0	0	0	0	0	0	0	0	0	0	0
	1	1	1	1	1.09712927701763	1.65561054803873	1.3590152101207	1.22184257714951	1.20379368994926	1.29813135064632	0.773337041509545	1.44050643664236	1.04675533913984	1.49134833390729	1.62271656681412	0.978916022284201	0.608951015139532	0	0.381650833136834	0	0.00711201753046629	0.0446789443822998	0.133601951085033	0.149717895362965	0.100727199325583	0.199279923664986	0.204094186008649	0.233470624678301	0.157346996866646	0.428986735822662	0.0850197903833779	0.114776368606337	0.119034393955341	0.195064062921556	0.0676094499153486	0.235362460849895	0.0530901340313022	0.118687348265515	0.118687348265515	0.118687348265515
	1	1	1	1	0.94673239333668	1.27847339474662	0.826157070255712	0.76347048052203	0.507133156663749	0.548228440777156	0.329590368203754	0.627039649665209	0.454870384212967	0.671276642799297	0.684614825875088	0.413939548903699	0.258997271091875	0	0.167158780073722	0	0.0294876668474007	0.221700162097827	0.308208308517513	0.466382594181702	0.393068123062533	0.416585210895598	0.491944526489332	0.424574858827068	0.525737114093666	0.356665651890029	0.229521425486315	0.296728403339385	0.249361203405297	0.179585906009985	0.193793270906423	0.27049614282985	0.100288029760781	0.188192481165684	0.188192481165684	0.188192481165684
	1	1	1	1	0.89618015716537	1.13626028229112	0.658106809749729	0.617149236799247	0.252164205768151	0.273917489380467	0.167540561092697	0.331339179473907	0.23963227017352	0.364278571353182	0.340875329177402	0.206566172675794	0.13084598287243	0	0.0893364049564279	0	0.0277014912785536	0.2254641215591	0.357893030469228	0.601991214891556	0.494529718682016	0.468356518536304	0.536185269077104	0.436644182960692	0.650218733597878	0.331132510342565	0.28719472438313	0.374946341533593	0.311373082105176	0.161489179156148	0.246743898553276	0.286736198942245	0.120163578003961	0.217881225166494	0.217881225166494	0.217881225166494
20	1	1	1	1	1.1138892785896	1.69514421201822	1.42018119636976	1.27417395250125	1.27806988598816	1.3781073689161	0.820705649671662	1.5275620305776	1.11008411267316	1.577674458911	1.7226690531687	1.03905566933431	0.646250476878074	0	0.40462905823051	0	0.00311591926157296	0.015953513486053	0.11269029158769	0.119138496487294	0.0686655202935125	0.171629752999952	0.163538665305677	0.203752432788831	0.116400111928398	0.436848452475057	0.0703863052543595	0.097254011249425	0.107450168672037	0.194707249922943	0.055248851522524	0.232162529655431	0.0484780435372992	0.111963141571751	0.111963141571751	0.111963141571751
	1	1	1	1	1.08966624507607	1.64362932678328	1.3277541886812	1.19571942326805	1.17829145801089	1.27061732602391	0.756937962937267	1.40984872301339	1.02448518956961	1.46431948718277	1.58855305545448	0.958495410587587	0.596172131325749	0	0.373503094010519	0	0.0122790748212954	0.0777573738621127	0.146191290204445	0.152717401491248	0.113839754784825	0.219334289255427	0.241266839191365	0.265691088293534	0.175341288461673	0.425931582401376	0.08822273711081	0.116369646903256	0.117566188666083	0.199916158459956	0.0692782078786334	0.235174653586832	0.0536838704243295	0.119378910629932	0.119378910629932	0.119378910629932
	1	1	1	1	0.960802699721702	1.31890849001087	0.872320552349397	0.803768646154328	0.579247428889309	0.625806016102775	0.375405768003168	0.710571941951299	0.515677193142205	0.75845445142111	0.781857146843499	0.472622473225925	0.295246687777739	0	0.189135291227345	0	0.0304985258708846	0.223728945684983	0.294876484765596	0.427028366057312	0.364651579728431	0.403349621652598	0.482529361352308	0.424094854019814	0.49105366896226	0.36383991113996	0.212966682792379	0.274016266482598	0.231096451220265	0.185334493128881	0.17847382668041	0.265731461984675	0.0945346346685855	0.179579974444557	0.179579974444557	0.179579974444557
	1	1	1	1	0.911560396362452	1.19034784161642	0.701490545056134	0.65623881025024	0.344308511273251	0.372959226404041	0.225875502839932	0.436905422693569	0.316527589528356	0.479640210299753	0.46536204246604	0.281895118649306	0.177205846085848	0	0.117024171285967	0	0.0347639620153725	0.263359056088154	0.349084048366832	0.540301854676155	0.461420376805995	0.467503899485913	0.559506983841571	0.469510531106253	0.611886204847587	0.339758277197381	0.26327220994324	0.339200196992803	0.279754501132935	0.176026428377942	0.223253525242061	0.278691840406865	0.111307040008752	0.204417468552559	0.204417468552559	0.204417468552559
21	1	1	1	1	1.09984470941612	1.65617407270494	1.3731065256038	1.23325170781973	1.20796078793121	1.30267515577108	0.776135209402095	1.44618816062486	1.05085541159584	1.49347913046388	1.62816365490303	0.982053211624854	0.611014905342612	0	0.38320835661643	0	0.00294498033965006	0.0189473383536924	0.126808582324144	0.155794156360092	0.0967420885913042	0.186756447835796	0.177665173889982	0.208928841504127	0.150961018984148	0.429797547817684	0.086091118185068	0.118388499641612	0.124042170583218	0.190130234790028	0.0695914631411025	0.236519528256233	0.0538597307606566	0.119990240719331	0.119990240719331	0.119990240719331
	1	1	1	1	1.08545407067294	1.62350356377033	1.31967549072052	1.18767918159877	1.14590110645737	1.2358407066971	0.736526830176847	1.37327696205687	0.997823230376544	1.42194307999004	1.54468578447596	0.931856638884678	0.579856504111656	0	0.363950911860964	0	0.00714390030667275	0.0482096260135092	0.145506775303329	0.179644351445545	0.124007374552568	0.212252317766894	0.216819159752923	0.238748913961058	0.186065102343677	0.423148224970541	0.0979049930136206	0.132026507049743	0.132486945613215	0.191500240264133	0.0793354447084968	0.238901594532668	0.057488931898631	0.125241990379932	0.125241990379932	0.125241990379932
	1	1	1	1	0.94078156455333	1.27112766366239	0.799650074207112	0.741533016687371	0.489771582360767	0.529469360021568	0.318357152741838	0.60577731338601	0.439440977517853	0.654205232763544	0.66143544939715	0.400153546093757	0.250311653148484	0	0.161480360901635	0	0.0349379321120484	0.256042046542323	0.319533709548659	0.464605408848386	0.403066628487466	0.435616035355174	0.529090223985347	0.45772215496992	0.539991500544633	0.35440451113341	0.230774426099885	0.295560736678793	0.245588531127162	0.185297672179399	0.193617942287489	0.269713149684303	0.100188188417644	0.187839760129812	0.187839760129812	0.187839760129812
	1	1	1	1	0.925862056121517	1.22177383794731	0.755337404568709	0.702052530276495	0.404580515829085	0.437878898679764	0.264368728463591	0.507862646467858	0.368132483617974	0.548618179866136	0.546405829899885	0.330602310671763	0.207461439973325	0	0.135776110567327	0	0.0299628954521811	0.230516188122817	0.329893758303724	0.518567672208866	0.434539519500883	0.440730201867396	0.517051174194367	0.436354368323383	0.577043464463185	0.346283871297055	0.252145683192108	0.326797778431868	0.272590577543027	0.173794716753033	0.214280896716389	0.276623516284921	0.107970975045616	0.199625129348975	0.199625129348975	0.199625129348975
22	1	1	1	1	1.14823740972039	1.79045161794744	1.53530946726478	1.37425552916801	1.44953235406222	1.56258832497728	0.929709443809189	1.72657421252724	1.25493691422093	1.78358694696103	1.95379638588364	1.17846385394982	0.732424429002844	0	0.457016643699729	0	0.00353397640758007	0.00863165919019556	0.0781618631561459	0.0294915022331682	0	0.13463511889055	0.128990138876672	0.191092737561204	0.0318761544550972	0.454092512778413	0.0319777953694745	0.0455664037685324	0.0668719031283901	0.20590103693279	0.020171812237957	0.221506826555644	0.0353163084801751	0.0923316490912586	0.0923316490912586	0.0923316490912586
	1	1	1	1	0.974089099338116	1.32246619845245	0.94069534282252	0.85919110153705	0.600714657154096	0.649191361687886	0.389765155154818	0.739526283506982	0.536582623734958	0.770504735808155	0.809981891787954	0.488877727977918	0.305890388886022	0	0.197052832879264	0	0.0105917924063585	0.10071424790014	0.262103653102062	0.455247611076962	0.344987019768333	0.343175368182781	0.355935242609746	0.30671679809118	0.459773569974663	0.367870582296654	0.217736952129991	0.290806214722848	0.254655778697453	0.161861768530146	0.187625684391276	0.271163323351242	0.0980923737556765	0.185627127166065	0.185627127166065	0.185627127166065
	1	1	1	1	0.921100017063148	1.21911238455917	0.731823169156582	0.682883762692055	0.39501937912484	0.427500523643918	0.258064861908293	0.495486101615425	0.359177720789777	0.541485652128429	0.533775061879596	0.323208351804608	0.202702228054365	0	0.132424470415452	0	0.0362625034179538	0.269604412863185	0.3408318894075	0.511071240658667	0.441874612302731	0.460388649904933	0.557711671895195	0.473742873434537	0.588313604377108	0.34472935891488	0.251252843244365	0.322310958957063	0.265780404022502	0.181050527394912	0.211946360153147	0.275074284314033	0.107055799817649	0.198025481428276	0.198025481428276	0.198025481428276
	1	1	1	1	0.786183706172685	1.07036865102229	0.118121492504627	0.176592654196413	0.0253685332421967	0.0278314435738783	0.0182439052789004	0.0390913197976159	0.0281330698581485	0.190565338897499	0.0409984031761027	0.0307820878035379	0.0179068276385043	0	0.0102813678716922	0	0.170553138213431	1.11241477794114	0.607974487028257	0.437172331910585	0.664874374569997	0.916358944974248	1.46037490785704	1.28535467437378	0.910730826232936	0.294875510043484	0.269173382178979	0.276183516262476	0.159271754153023	0.325402438189579	0.195831410761788	0.252217644083355	0.100170904550508	0.182739986465217	0.182739986465217	0.182739986465217
23	1	1	1	1	0	0	0	0	0	0	0	0	0	0	0	0	0	0	0	0	0	0	0	0	0	0	0	0	0	0	0	0	0	0	0	0	0	0	0	0
	1	1	1	1	1.14823740972039	1.79045161794744	1.53530946726478	1.37425552916801	1.44953235406222	1.56258832497728	0.929709443809189	1.72657421252724	1.25493691422093	1.78358694696103	1.95379638588364	1.17846385394982	0.732424429002844	0	0.457016643699729	0	0.00353397640758007	0.00863165919019556	0.0781618631561459	0.0294915022331682	0	0.13463511889055	0.128990138876672	0.191092737561204	0.0318761544550972	0.454092512778413	0.0319777953694745	0.0455664037685324	0.0668719031283901	0.20590103693279	0.020171812237957	0.221506826555644	0.0353163084801751	0.0923316490912586	0.0923316490912586	0.0923316490912586
	1	1	1	1	1.14823740972039	1.79045161794744	1.53530946726478	1.37425552916801	1.44953235406222	1.56258832497728	0.929709443809189	1.72657421252724	1.25493691422093	1.78358694696103	1.95379638588364	1.17846385394982	0.732424429002844	0	0.457016643699729	0	0.00353397640758007	0.00863165919019556	0.0781618631561459	0.0294915022331682	0	0.13463511889055	0.128990138876672	0.191092737561204	0.0318761544550972	0.454092512778413	0.0319777953694745	0.0455664037685324	0.0668719031283901	0.20590103693279	0.020171812237957	0.221506826555644	0.0353163084801751	0.0923316490912586	0.0923316490912586	0.0923316490912586
	1	1	1	1	0	0	0	0	0	0	0	0	0	0	0	0	0	0	0	0	0	0	0	0	0	0	0	0	0	0	0	0	0	0	0	0	0	0	0	0
24	1	1	1	1	1.07249231359197	1.58027806887222	1.28142660205629	1.1535538957533	1.07142033750933	1.15576771230671	0.689332381258955	1.28770908781048	0.935504997068619	1.32950514722635	1.44411037217486	0.871038500745522	0.542392131099873	0	0.341490629134565	0	0.00261206951864614	0.0247779396200167	0.154304554027795	0.227182613040527	0.151422399534215	0.216216329413543	0.205177150201852	0.219010117645779	0.21826985545709	0.41606561110075	0.116676909341708	0.15954881470031	0.156355800014207	0.181216303144118	0.0975243093037499	0.24500496834787	0.0643407955278852	0.135623357726502	0.135623357726502	0.135623357726502
	1	1	1	1	0.997375826007484	1.41239384681647	1.00062976176891	0.914344404292247	0.751048761166433	0.810720746578627	0.48479591334804	0.910946737090901	0.661481156787877	0.961477934871021	1.01324620100278	0.612018408398559	0.381556057271412	0	0.241952541519055	0	0.0261261758347623	0.187082645010686	0.253450349448819	0.346672634470431	0.293193548695435	0.352948737649563	0.41856162184913	0.383613683016592	0.401394137955836	0.381567358638424	0.176781742476148	0.227810444055916	0.197313046278059	0.190579280363382	0.146578627250708	0.256678888838532	0.0825965066811515	0.161951340923464	0.161951340923464	0.161951340923464
	1	1	1	1	0.906079250259398	1.2365428709938	0.639167811379339	0.609464916895898	0.399640324452868	0.431960894948045	0.259738970053584	0.493683950689521	0.35816635259386	0.57140036756583	0.541445963559594	0.329092725524671	0.205282554077321	0	0.131425406669629	0	0.0716929679248176	0.486081115699498	0.390388189291831	0.438659832785559	0.459664504125621	0.557956864868706	0.773757394096385	0.678887023283937	0.6227655118863	0.341872583648924	0.23321884097381	0.279638714591922	0.213862952818182	0.225493729369946	0.186966800099027	0.262780292278841	0.0974632801235441	0.182403457500471	0.182403457500471	0.182403457500471
	1	1	1	1	0.857881207894764	0.984786346492417	0.562091817298882	0.528232601078306	0.000102957276162302	0.00310930974010152	0.00826403736662743	0.0442579011129682	0.0304478984703981	0.0429400479780907	0	0	0.00396728704145403	0	0.0141669211999327	0	0	0.0705257341711768	0.370042178164135	0.787307426994712	0.580452531547826	0.447363092562023	0.421040348956528	0.29810936121874	0.746385341629402	0.30832272301404	0.356657732263035	0.482498979007011	0.409893507857356	0.111276224076216	0.31668971765683	0.31158303675918	0.146576842163064	0.258283198859691	0.258283198859691	0.258283198859691
25	1	1	1	1	0	0	0	0	0	0	0	0	0	0	0	0	0	0	0	0	0	0	0	0	0	0	0	0	0	0	0	0	0	0	0	0	0	0	0	0
	1	1	1	1	1.09480624425127	1.64219360189276	1.35621856799745	1.21857092254618	1.18280926893936	1.27561397834768	0.760145640202325	1.41699542398612	1.02960721640727	1.46327420041696	1.59426000494622	0.961603677436055	0.598374204331983	0	0.37552371655691	0	0.00288365629383652	0.0200213679034028	0.131873494973597	0.168944311632387	0.106814509437372	0.192183123730821	0.182733034678292	0.210785869275424	0.163359685266834	0.42726804783388	0.0917251929576358	0.125970461197405	0.12999452288481	0.188488238441023	0.0747368505232702	0.238082594050725	0.0557904018455493	0.122869948806515	0.122869948806515	0.122869948806515
	1	1	1	1	0.892322392041404	1.31139464532187	0.512158639844378	0.512682668046616	0.483177451354072	0.520862774992426	0.31042993283178	0.576942039727614	0.41934078953606	0.718310890238032	0.656809245860253	0.401080519259709	0.247759986865668	0	0.152338881233243	0	0.13962207964173	0.896818644698885	0.470102264950163	0.261144523334995	0.463765116649146	0.728400588470277	1.17180894628384	1.06562990770957	0.651816671231784	0.343922863935185	0.182002323595498	0.175525818164248	0.0969122233067489	0.315350876231103	0.123921034138041	0.234630426919035	0.0733871218403674	0.143979527632481	0.143979527632481	0.143979527632481
	1	1	1	1	0	0	0	0	0	0	0	0	0	0	0	0	0	0	0	0	0	0	0	0	0	0	0	0	0	0	0	0	0	0	0	0	0	0	0	0
26	1	1	1	1	0	0	0	0	0	0	0	0	0	0	0	0	0	0	0	0	0	0	0	0	0	0	0	0	0	0	0	0	0	0	0	0	0	0	0	0
	1	1	1	1	1.09581198439076	1.64498427726806	1.35958961379872	1.22150138937404	1.18782982408696	1.2810157250039	0.763337356534837	1.42282265629967	1.03384861971042	1.46930347908911	1.60102759398798	0.965685658097773	0.600897445037593	0	0.377057666026155	0	0.00289589733398922	0.0198069782839838	0.130862475588144	0.166319377537336	0.104803929307246	0.191099891914566	0.181721426807757	0.21041518349937	0.160884757694902	0.42777296740429	0.0906005617530341	0.124457007631035	0.128806359537787	0.188816001278131	0.0737097673830312	0.237770586731282	0.0554050159506967	0.122295123355003	0.122295123355003	0.122295123355003
	1	1	1	1	0.897991395597584	1.32200666686737	0.534823373363184	0.531768142818293	0.504584047300139	0.543938973884495	0.324148149847102	0.602408575201023	0.43785083027275	0.741908777570503	0.685539973645581	0.418301036167402	0.258496224507947	0	0.159088072173956	0	0.13660746975996	0.877143616538883	0.461420040859789	0.256012969070081	0.453491838748691	0.715247555916296	1.14870852966406	1.04625724887717	0.638083811682933	0.34636333083994	0.178678995438592	0.172646970377001	0.0962467731762156	0.312926354474495	0.121622791880761	0.234339714252758	0.0725437810380846	0.142835429057201	0.142835429057201	0.142835429057201
	1	1	1	1	0	0	0	0	0	0	0	0	0	0	0	0	0	0	0	0	0	0	0	0	0	0	0	0	0	0	0	0	0	0	0	0	0	0	0	0
27	1	1	1	1	0	0	0	0	0	0	0	0	0	0	0	0	0	0	0	0	0	0	0	0	0	0	0	0	0	0	0	0	0	0	0	0	0	0	0	0
	1	1	1	1	1.14823740972039	1.79045161794744	1.53530946726478	1.37425552916801	1.44953235406222	1.56258832497728	0.929709443809189	1.72657421252724	1.25493691422093	1.78358694696103	1.95379638588364	1.17846385394982	0.732424429002844	0	0.457016643699729	0	0.00353397640758007	0.00863165919019556	0.0781618631561459	0.0294915022331682	0	0.13463511889055	0.128990138876672	0.191092737561204	0.0318761544550972	0.454092512778413	0.0319777953694745	0.0455664037685324	0.0668719031283901	0.20590103693279	0.020171812237957	0.221506826555644	0.0353163084801751	0.0923316490912586	0.0923316490912586	0.0923316490912586
	1	1	1	1	1.14823740972039	1.79045161794744	1.53530946726478	1.37425552916801	1.44953235406222	1.56258832497728	0.929709443809189	1.72657421252724	1.25493691422093	1.78358694696103	1.95379638588364	1.17846385394982	0.732424429002844	0	0.457016643699729	0	0.00353397640758007	0.00863165919019556	0.0781618631561459	0.0294915022331682	0	0.13463511889055	0.128990138876672	0.191092737561204	0.0318761544550972	0.454092512778413	0.0319777953694745	0.0455664037685324	0.0668719031283901	0.20590103693279	0.020171812237957	0.221506826555644	0.0353163084801751	0.0923316490912586	0.0923316490912586	0.0923316490912586
	1	1	1	1	1.14823740972039	1.79045161794744	1.53530946726478	1.37425552916801	1.44953235406222	1.56258832497728	0.929709443809189	1.72657421252724	1.25493691422093	1.78358694696103	1.95379638588364	1.17846385394982	0.732424429002844	0	0.457016643699729	0	0.00353397640758007	0.00863165919019556	0.0781618631561459	0.0294915022331682	0	0.13463511889055	0.128990138876672	0.191092737561204	0.0318761544550972	0.454092512778413	0.0319777953694745	0.0455664037685324	0.0668719031283901	0.20590103693279	0.020171812237957	0.221506826555644	0.0353163084801751	0.0923316490912586	0.0923316490912586	0.0923316490912586
28	1	1	1	1	0	0	0	0	0	0	0	0	0	0	0	0	0	0	0	0	0	0	0	0	0	0	0	0	0	0	0	0	0	0	0	0	0	0	0	0
	1	1	1	1	1.14823740972039	1.79045161794744	1.53530946726478	1.37425552916801	1.44953235406222	1.56258832497728	0.929709443809189	1.72657421252724	1.25493691422093	1.78358694696103	1.95379638588364	1.17846385394982	0.732424429002844	0	0.457016643699729	0	0.00353397640758007	0.00863165919019556	0.0781618631561459	0.0294915022331682	0	0.13463511889055	0.128990138876672	0.191092737561204	0.0318761544550972	0.454092512778413	0.0319777953694745	0.0455664037685324	0.0668719031283901	0.20590103693279	0.020171812237957	0.221506826555644	0.0353163084801751	0.0923316490912586	0.0923316490912586	0.0923316490912586
	1	1	1	1	1.14823740972039	1.79045161794744	1.53530946726478	1.37425552916801	1.44953235406222	1.56258832497728	0.929709443809189	1.72657421252724	1.25493691422093	1.78358694696103	1.95379638588364	1.17846385394982	0.732424429002844	0	0.457016643699729	0	0.00353397640758007	0.00863165919019556	0.0781618631561459	0.0294915022331682	0	0.13463511889055	0.128990138876672	0.191092737561204	0.0318761544550972	0.454092512778413	0.0319777953694745	0.0455664037685324	0.0668719031283901	0.20590103693279	0.020171812237957	0.221506826555644	0.0353163084801751	0.0923316490912586	0.0923316490912586	0.0923316490912586
	1	1	1	1	1.14823740972039	1.79045161794744	1.53530946726478	1.37425552916801	1.44953235406222	1.56258832497728	0.929709443809189	1.72657421252724	1.25493691422093	1.78358694696103	1.95379638588364	1.17846385394982	0.732424429002844	0	0.457016643699729	0	0.00353397640758007	0.00863165919019556	0.0781618631561459	0.0294915022331682	0	0.13463511889055	0.128990138876672	0.191092737561204	0.0318761544550972	0.454092512778413	0.0319777953694745	0.0455664037685324	0.0668719031283901	0.20590103693279	0.020171812237957	0.221506826555643	0.0353163084801751	0.0923316490912586	0.0923316490912586	0.0923316490912586
29	1	1	1	1	1.10415080237361	1.66812239524703	1.38753971367513	1.24579854976634	1.22945637741282	1.32580282296967	0.78980059540194	1.471137551667	1.06901504963387	1.51929358631522	1.65713919875135	0.999530279000189	0.621818201945586	0	0.389775986511345	0	0.00299739055449976	0.0180294256702011	0.122479886188212	0.144555457836783	0.0881337566784978	0.182118572989071	0.173333958145486	0.207341744254029	0.14036457585805	0.431959369267245	0.0812759911758777	0.111908623292136	0.118955029660778	0.191533556770698	0.0651939897747115	0.235183663783712	0.0522096947100181	0.11752911608948	0.11752911608948	0.11752911608948
	1	1	1	1	0.925197749238973	1.30291603374168	0.693712290435451	0.658487218914923	0.513021740180048	0.553835644029412	0.331534083828046	0.623667685090251	0.452843881511204	0.713054552008969	0.694606461543321	0.421757424198639	0.26232415364725	0	0.165523807444716	0	0.0799534419923442	0.530081102169088	0.378936399769559	0.363601750569822	0.418685940308043	0.555711872715959	0.799821700445321	0.716835200992971	0.575152597665303	0.35252668719509	0.203988988434675	0.236154748287184	0.175573659108028	0.242845918192145	0.158354044955811	0.253027572365604	0.0866775967268209	0.166019738016079	0.166019738016079	0.166019738016079
	1	1	1	1	0.764364883201911	1.07186615900908	0.000583226134174935	0.0818962374859191	0	0	0.000790177343075718	0.00212595332779896	0.00154272719362402	0.18567286187653	0.00831567584855875	0.0123888519146514	0.00542776579707964	0	0	0	0.207666131258804	1.34091213745323	0.666072465847171	0.376971033885909	0.69564767497372	1.02528332326014	1.69321834998742	1.50289849278375	0.961786929620127	0.288838039513571	0.257014587708509	0.240505525362106	0.111932383395928	0.37007579588026	0.175795645088084	0.241192227100731	0.0924225285204635	0.169803466903093	0.169803466903093	0.169803466903093
	1	1	1	1	0	0	0	0	0	0	0	0	0	0	0	0	0	0	0	0	0	0	0	0	0	0	0	0	0	0	0	0	0	0	0	0	0	0	0	0
30	1	1	1	1	1.09742507440091	1.64946019544281	1.36499637852075	1.22620151675231	1.19588220962466	1.28967949731077	0.768456497681741	1.43216885802974	1.04065133646459	1.47897373963902	1.611882018354	0.972232679508605	0.604944429159601	0	0.379517942262265	0	0.00291553053625355	0.0194631223118673	0.129240918282544	0.162109289066438	0.101579193020869	0.189362514283058	0.180098925640647	0.209820646701273	0.1569152622106	0.428582799569648	0.0887967843258476	0.122029604435266	0.126900683955959	0.189341694682889	0.0720624456862597	0.237270163341262	0.0547869018746806	0.121373170300734	0.121373170300734	0.121373170300734
	1	1	1	1	0.909252462807697	1.19283768658243	0.687388902802322	0.645052521347419	0.34476487678284	0.373373291400508	0.22597550804059	0.436356960648434	0.316173577157537	0.483854354631666	0.466194176833947	0.282586248252423	0.177474014955592	0	0.116800851811482	0	0.0400943606641375	0.295941036472917	0.356588560071833	0.529531516921095	0.464192779815127	0.482235874137963	0.592062055290938	0.500394817047224	0.617187725336198	0.339304409674381	0.260612274823772	0.332851616218641	0.271999377108978	0.182697897413605	0.219543897163127	0.276856894702168	0.109882058403593	0.202094283422963	0.202094283422963	0.202094283422963
	1	1	1	1	0.979680227634364	1.40938893534909	0.908323494490656	0.839659974225062	0.724791916350149	0.782071489923664	0.46711827558202	0.874883069873813	0.635466113526472	0.948946700944172	0.97897711190396	0.592329139953575	0.368560977711055	0	0.232050052149848	0	0.0536835210184911	0.3571752975012	0.298109592580899	0.305815366336739	0.319025051630386	0.435479163400816	0.593059744174323	0.545798332281225	0.442981145039931	0.376336447021109	0.169406977677623	0.203534327976545	0.163892424377516	0.223288523455514	0.133207246805207	0.248947229242799	0.0774079969109694	0.153187490986325	0.153187490986325	0.153187490986325
	1	1	1	1	0	0	0	0	0	0	0	0	0	0	0	0	0	0	0	0	0	0	0	0	0	0	0	0	0	0	0	0	0	0	0	0	0	0	0	0
31	1	1	1	1	0	0	0	0	0	0	0	0	0	0	0	0	0	0	0	0	0	0	0	0	0	0	0	0	0	0	0	0	0	0	0	0	0	0	0	0
	1	1	1	1	1.11634664666576	1.71195181601044	1.42126797518366	1.2763230893387	1.30378914688215	1.40569296782417	0.836842616531967	1.55620280479353	1.13098131283272	1.61267875729926	1.75758168889798	1.0603263052106	0.659220101616912	0	0.412079735689719	0	0.00916420267439577	0.0514715032338505	0.116042942664016	0.0938628133303391	0.0616848211032028	0.182737355403529	0.195023839655733	0.236578945052163	0.109928636521441	0.43887374128689	0.0617523708139459	0.0825250230741318	0.092774608921847	0.203845893316517	0.0459257163238638	0.228535119893728	0.0449426722769322	0.106467836164841	0.106467836164841	0.106467836164841
	1	1	1	1	0.887397484719509	1.14364965679641	0.605936813196554	0.575626848121288	0.251092242240091	0.272489350444506	0.166180176666017	0.326244963902838	0.236085772397457	0.376082574583197	0.340205113241526	0.206837592504866	0.130445813196	0	0.0877135120042934	0	0.0467293937408029	0.341927513392103	0.385235169367859	0.564943579087265	0.505511694805029	0.521546292234029	0.65298156247547	0.547129328499492	0.670481885742967	0.329240077880556	0.27830145364557	0.353090398514271	0.284319427118979	0.185136166770047	0.234049754313556	0.280351627586327	0.115282446230005	0.209894609376629	0.209894609376629	0.209894609376629
	1	1	1	1	0.851081286882943	1.0826293382837	0.45576157013938	0.449871248518028	0.123334378829123	0.134687415415443	0.084111018594793	0.173141145436158	0.124849750492794	0.239040196882855	0.168960204442971	0.104394093776942	0.0664104484677086	0	0.0470579433261542	0	0.0702354813684688	0.493085193135039	0.444912341331305	0.584671868767271	0.569882029695265	0.615391283267605	0.824629628867744	0.694740448057121	0.758160194181379	0.314157868522274	0.295489023821002	0.363845019625482	0.280378145852212	0.206478501056833	0.244024118292674	0.280217298393399	0.118877395419527	0.214372937368533	0.214372937368533	0.214372937368533
32	1	1	1	1	1.14823740972039	1.79045161794744	1.53530946726478	1.37425552916801	1.44953235406222	1.56258832497728	0.929709443809189	1.72657421252724	1.25493691422093	1.78358694696103	1.95379638588364	1.17846385394982	0.732424429002844	0	0.457016643699729	0	0.00353397640758007	0.00863165919019556	0.0781618631561459	0.0294915022331682	0	0.13463511889055	0.128990138876672	0.191092737561204	0.0318761544550972	0.454092512778413	0.0319777953694745	0.0455664037685324	0.0668719031283901	0.20590103693279	0.020171812237957	0.221506826555644	0.0353163084801751	0.0923316490912586	0.0923316490912586	0.0923316490912586
	1	1	1	1	1.10121538497481	1.66210061694044	1.37618099547277	1.23618036553737	1.21766248690074	1.31309509668021	0.782257479715102	1.45719128488094	1.05887492290516	1.50600530915579	1.64129311181964	0.990017627938268	0.615900069539178	0	0.386085951338768	0	0.00424092720781691	0.0263161964604944	0.126668429947177	0.148207441498644	0.0935623561637658	0.18820377504377	0.18350436718031	0.215593764616076	0.147497851717097	0.430653940452932	0.0833072690719905	0.11398111724589	0.119920525995071	0.192349209243846	0.0667433991135978	0.235485309953128	0.0527831815861625	0.118337296884296	0.118337296884296	0.118337296884296
	1	1	1	1	1.0119153077606	1.43764455065863	1.06016617486507	0.964279950698011	0.80330293252011	0.86707296160798	0.518338077774833	0.973426463275973	0.706880897587051	1.01800961928091	1.08331539478048	0.653960678961476	0.407752207250627	0	0.258533551399157	0	0.0172098125898249	0.129526757846348	0.230036542533313	0.337224490262779	0.267252441141993	0.316507236854696	0.352630938847037	0.32728792661396	0.366256554086283	0.387670682426088	0.169416942819127	0.222598396207316	0.19792370811387	0.182719764738279	0.142025482840655	0.25649726585545	0.0809441302107379	0.159822292968947	0.159822292968947	0.159822292968947
	1	1	1	1	1.00691968103739	1.48539010803751	0.999325267565748	0.918818732712265	0.861332242427487	0.928975178183036	0.553912077324165	1.03331125869329	0.75078161842655	1.11309306680718	1.1630404377189	0.703358813214446	0.437185515817026	0	0.2737506698235	0	0.0542672363458462	0.352878979330626	0.270971145379281	0.233931334302308	0.26448386525683	0.406717253116182	0.567084214723601	0.537172115477212	0.375932455412388	0.390044851511593	0.138700844558961	0.162081750292673	0.131218938516018	0.232515014970752	0.105104238719167	0.240376776096019	0.0668615283833028	0.137447514399496	0.137447514399496	0.137447514399496
33	1	1	1	1	1.14823740972039	1.79045161794744	1.53530946726478	1.37425552916801	1.44953235406222	1.56258832497728	0.929709443809189	1.72657421252724	1.25493691422093	1.78358694696103	1.95379638588364	1.17846385394982	0.732424429002844	0	0.457016643699729	0	0.00353397640758007	0.00863165919019556	0.0781618631561459	0.0294915022331682	0	0.13463511889055	0.128990138876672	0.191092737561204	0.0318761544550972	0.454092512778413	0.0319777953694745	0.0455664037685324	0.0668719031283901	0.20590103693279	0.020171812237957	0.221506826555644	0.0353163084801751	0.0923316490912586	0.0923316490912586	0.0923316490912586
	1	1	1	1	0.943939483121703	1.30832012991258	0.789885446540283	0.73647243736453	0.543822616767251	0.587378300416063	0.352111262678257	0.665066542423294	0.482739631994305	0.730835220050008	0.734988512674984	0.445123110881936	0.277600784487959	0	0.176835191917295	0	0.0521054247054287	0.357948470041365	0.332931978588626	0.402679549644193	0.390867365099162	0.471361310214408	0.622559468247032	0.552564431998435	0.531012652225018	0.358242891533772	0.210490686590535	0.259412735071031	0.20835188175765	0.210057267951636	0.171000585182171	0.260579129878136	0.0915960001442947	0.174391905068201	0.174391905068201	0.174391905068201
	1	1	1	1	0.931494965803458	1.24603133174815	0.768042458450387	0.714137340282443	0.444318304032072	0.480559177349935	0.289446793453652	0.552939414539245	0.400985851644851	0.599896394694419	0.600181894946147	0.363221764221147	0.22747058376908	0	0.14756545201487	0	0.0352295646876076	0.260445001215554	0.329260574111805	0.487574750068921	0.421492455976799	0.446542968542604	0.540714184068005	0.463412993721975	0.562815449178481	0.349795512634699	0.240763051101569	0.308793650929669	0.255767998918244	0.182831856937397	0.202643481915916	0.272401458889425	0.103572289216113	0.192872410007151	0.192872410007151	0.192872410007151
	1	1	1	1	0.886916828077327	1.06535287363792	0.659413582295472	0.612834893887276	0.145045896954768	0.159057211263819	0.100408578010884	0.212489532254396	0.152896800045452	0.217004737876385	0.195379638588364	0.117846385394982	0.076813001237593	0	0.0584518934499124	0	0.000353397640758007	0.0643363266730786	0.340854146663336	0.711525834518557	0.522407278393043	0.416090295194876	0.391835327948542	0.287407698852986	0.674934422911971	0.322899701990477	0.324189738573679	0.438805721483163	0.37559134738446	0.120738705361873	0.287037927114942	0.302575415738826	0.135450788794775	0.241688043882848	0.241688043882848	0.241688043882848
34	1	1	1	1	1.14823740972039	1.79045161794744	1.53530946726478	1.37425552916801	1.44953235406222	1.56258832497728	0.929709443809189	1.72657421252724	1.25493691422093	1.78358694696103	1.95379638588364	1.17846385394982	0.732424429002844	0	0.457016643699729	0	0.00353397640758007	0.00863165919019556	0.0781618631561459	0.0294915022331682	0	0.13463511889055	0.128990138876672	0.191092737561204	0.0318761544550972	0.454092512778413	0.0319777953694745	0.0455664037685324	0.0668719031283901	0.20590103693279	0.020171812237957	0.221506826555644	0.0353163084801751	0.0923316490912586	0.0923316490912586	0.0923316490912586
	1	1	1	1	0.940393742600026	1.30229310075709	0.775272651316345	0.724229022164422	0.531255626093089	0.57382416845491	0.344040575110693	0.650018299473862	0.471806000246774	0.717314419216302	0.718141489904251	0.435042646389198	0.27130147244709	0	0.17284008939829	0	0.054358696363433	0.372456755946183	0.338718178498563	0.404736576021157	0.397166525174908	0.480428471438135	0.639082801529777	0.566742470796976	0.539576088505997	0.356764844996733	0.212209631997524	0.260539290128025	0.208048741948768	0.212083190651296	0.172021702075094	0.260585890206061	0.0919649871880842	0.174857526489747	0.174857526489747	0.174857526489747
	1	1	1	1	0.920367674227425	1.23143989327178	0.719090350023956	0.673546419270234	0.410701780620169	0.444249388107483	0.267727670476454	0.511947522573847	0.371232276869752	0.566238073038468	0.555264869541784	0.336475775096705	0.210646578581388	0	0.136630284191433	0	0.0449052134555944	0.32157189544127	0.349938724796763	0.485867737292963	0.440365586759624	0.480949719618755	0.607262488390753	0.522504045333732	0.58950569621231	0.345499643687146	0.243610320002592	0.30755540512446	0.24972224468648	0.192797750721428	0.202899428897837	0.271182839860409	0.103607829736495	0.192563366164913	0.192563366164913	0.192563366164913
	1	1	1	1	1.02379903750941	1.44516650160957	1.11821618870797	1.01167427427242	0.828348326868193	0.894240175589917	0.53480426961952	1.00558150763541	0.730155907470703	1.03759541882549	1.11645507764779	0.673407916542757	0.420228511019391	0	0.267223905485531	0	0.00201941509004575	0.0351576913249018	0.203253426730998	0.354269755702401	0.248765370663354	0.268661393321182	0.254154514625182	0.236957004843005	0.338094377529799	0.391619745736539	0.171126339752429	0.232823221727881	0.213881162297947	0.165347545708544	0.147250914560331	0.260110916642873	0.0829993943442702	0.163453741849158	0.163453741849158	0.163453741849158
35	1	1	1	1	0	0	0	0	0	0	0	0	0	0	0	0	0	0	0	0	0	0	0	0	0	0	0	0	0	0	0	0	0	0	0	0	0	0	0	0
	1	1	1	1	1.0909941323601	1.65767339901286	1.32478997958912	1.19439168719818	1.19887140895815	1.29267020130919	0.769799797580509	1.43247951598303	1.04100985350642	1.49330461209169	1.61654706169689	0.975600845515994	0.60656044796859	0	0.379368426936612	0	0.0185368324618184	0.114852920523903	0.150895322720162	0.129690016055931	0.109040298194428	0.232168545217054	0.275147543704835	0.300185020717396	0.171633501710107	0.427419189473261	0.0806334878732838	0.102931175904141	0.103788336693442	0.208995961912784	0.0608558054631195	0.231791373458627	0.0504850989935619	0.11437742597177	0.11437742597177	0.11437742597177
	1	1	1	1	1.01528445330555	1.46822806048128	1.05625954308056	0.96344423538263	0.84871873420696	0.915753282116051	0.546756320099255	1.02356522001141	0.743482739540938	1.0813035337109	1.14505284547624	0.691650391948762	0.430670030509243	0	0.271543494729874	0	0.0300448639729816	0.205427371541552	0.239028250101213	0.288333614979772	0.256120602346628	0.342117833356192	0.421428713141914	0.397755158873604	0.35706359622558	0.391044922352703	0.153136723830962	0.194078197676878	0.168917183658546	0.201542507597967	0.124100239941182	0.249361416012448	0.0741392646455818	0.149200306866404	0.149200306866404	0.149200306866404
	1	1	1	1	0.918631265358484	1.22505534810415	0.714391460496777	0.669272781877041	0.399924247987592	0.432667111928267	0.260909557759703	0.499628204719974	0.36225759151673	0.552649429883407	0.540698798005534	0.327656687692638	0.205223149394036	0	0.133401274744718	0	0.0439402965108092	0.316290072786503	0.350771116303249	0.493357573313844	0.444161173208955	0.480663009624676	0.603684015354683	0.517854250878388	0.593845204751813	0.344503764983425	0.246475030108703	0.311898243704347	0.253619729078036	0.190924359720245	0.205741177009814	0.272170811256456	0.104679940393453	0.194197309553241	0.194197309553241	0.194197309553241
36	1	1	1	1	1.14823740972039	1.79045161794744	1.53530946726478	1.37425552916801	1.44953235406222	1.56258832497728	0.929709443809189	1.72657421252724	1.25493691422093	1.78358694696103	1.95379638588364	1.17846385394982	0.732424429002844	0	0.457016643699729	0	0.00353397640758007	0.00863165919019556	0.0781618631561458	0.0294915022331682	0	0.13463511889055	0.128990138876672	0.191092737561204	0.0318761544550972	0.454092512778413	0.0319777953694745	0.0455664037685324	0.0668719031283901	0.20590103693279	0.020171812237957	0.221506826555643	0.0353163084801751	0.0923316490912586	0.0923316490912586	0.0923316490912586
	1	1	1	1	1.01524297900582	1.49156355669467	1.03933531847104	0.951559400500977	0.880092825876091	0.949306589639081	0.566200467225797	1.05713752932464	0.768037801941494	1.12864778231623	1.1879164543987	0.718003178976073	0.446540410599508	0	0.280172851998632	0	0.0441732979545983	0.290049198835044	0.252740021321327	0.244160631212707	0.251348225944267	0.374452583807534	0.501188745426201	0.47696135443387	0.356169370795506	0.392882480853029	0.139364753227338	0.168243621279323	0.141328734559481	0.221103107128049	0.108146712775506	0.242648150038061	0.0680660022850694	0.139620288366212	0.139620288366212	0.139620288366212
	1	1	1	1	0.956682971015984	1.25893633469586	0.89325615652339	0.816115402997719	0.493311571460306	0.533765363536085	0.321811432614443	0.616712757080325	0.447114299663288	0.635243506659787	0.664833492418739	0.401005061413482	0.251845064514427	0	0.164858840661669	0	0.00120253363869044	0.0494645558790373	0.270721793196138	0.529439508152242	0.382937434007246	0.340948712632147	0.321662152471022	0.261693982335273	0.503253743215923	0.357924943142195	0.246176364847865	0.33382053326614	0.293170878470416	0.143474945117689	0.215791263729574	0.280932104120476	0.108717355007081	0.20181357428571	0.20181357428571	0.20181357428571
	1	1	1	1	0	0	0	0	0	0	0	0	0	0	0	0	0	0	0	0	0	0	0	0	0	0	0	0	0	0	0	0	0	0	0	0	0	0	0	0
37	1	1	1	1	1.14823740972039	1.79045161794744	1.53530946726478	1.37425552916801	1.44953235406222	1.56258832497728	0.929709443809189	1.72657421252724	1.25493691422093	1.78358694696103	1.95379638588364	1.17846385394982	0.732424429002844	0	0.457016643699729	0	0.00353397640758007	0.00863165919019556	0.0781618631561459	0.0294915022331682	0	0.13463511889055	0.128990138876672	0.191092737561204	0.0318761544550972	0.454092512778413	0.0319777953694745	0.0455664037685324	0.0668719031283901	0.20590103693279	0.020171812237957	0.221506826555644	0.0353163084801751	0.0923316490912586	0.0923316490912586	0.0923316490912586
	1	1	1	1	1.0325082474269	1.46933236384437	1.14740777048122	1.03705066103261	0.871823840040728	0.941016617836481	0.562442947291157	1.05604244427671	0.766884352782997	1.0898059765479	1.17505903634995	0.708755840987617	0.44207852188656	0	0.280507145763867	0	0.00212541641594673	0.0333011837377753	0.194498501166447	0.331539130607876	0.231354745670308	0.259281143983806	0.245394493072202	0.233747050193389	0.316662734396457	0.395992098352755	0.161387592280787	0.219717465785293	0.203592258038156	0.168185809032661	0.138356884860426	0.257409088273779	0.0796621439694403	0.158476039034548	0.158476039034548	0.158476039034548
	1	1	1	1	1.13432813059102	1.75185687440468	1.488688262476	1.33372748470862	1.3800986105036	1.48788274340903	0.885568346494575	1.64598420958524	1.19627875777779	1.70020266437503	1.86020134943413	1.12201049567678	0.697528278489724	0	0.435802285735667	0	0.00336468412458222	0.011596644818027	0.0921441536954507	0.0657940615031822	0.0278061092957042	0.149616099665232	0.142980568102055	0.196219282407074	0.0661041394694351	0.447109528837605	0.0475313252805433	0.0664973055763637	0.0833040758100172	0.201368111766008	0.0343762627969449	0.225821854589346	0.0406461544051039	0.100281423930465	0.100281423930465	0.100281423930465
	1	1	1	1	1.14823740972039	1.79045161794744	1.53530946726478	1.37425552916801	1.44953235406222	1.56258832497728	0.929709443809189	1.72657421252724	1.25493691422093	1.78358694696103	1.95379638588364	1.17846385394982	0.732424429002844	0	0.457016643699729	0	0.00353397640758007	0.00863165919019556	0.0781618631561459	0.0294915022331682	0	0.13463511889055	0.128990138876672	0.191092737561204	0.0318761544550972	0.454092512778413	0.0319777953694745	0.0455664037685324	0.0668719031283901	0.20590103693279	0.020171812237957	0.221506826555644	0.0353163084801751	0.0923316490912586	0.0923316490912586	0.0923316490912586
38	1	1	1	1	1.14823740972039	1.79045161794744	1.53530946726478	1.37425552916801	1.44953235406222	1.56258832497728	0.929709443809189	1.72657421252724	1.25493691422093	1.78358694696103	1.95379638588364	1.17846385394982	0.732424429002844	0	0.457016643699729	0	0.00353397640758007	0.00863165919019556	0.0781618631561459	0.0294915022331682	0	0.13463511889055	0.128990138876672	0.191092737561204	0.0318761544550972	0.454092512778413	0.0319777953694745	0.0455664037685324	0.0668719031283901	0.20590103693279	0.020171812237957	0.221506826555644	0.0353163084801751	0.0923316490912586	0.0923316490912586	0.0923316490912586
	1	1	1	1	1.10121538497481	1.66210061694044	1.37618099547277	1.23618036553737	1.21766248690074	1.31309509668021	0.782257479715102	1.45719128488094	1.05887492290516	1.50600530915579	1.64129311181964	0.990017627938268	0.615900069539178	0	0.386085951338768	0	0.00424092720781691	0.0263161964604944	0.126668429947177	0.148207441498644	0.0935623561637658	0.18820377504377	0.18350436718031	0.215593764616076	0.147497851717097	0.430653940452932	0.0833072690719905	0.11398111724589	0.119920525995071	0.192349209243846	0.0667433991135978	0.235485309953128	0.0527831815861625	0.118337296884296	0.118337296884296	0.118337296884296
	1	1	1	1	1.0119153077606	1.43764455065863	1.06016617486507	0.964279950698011	0.80330293252011	0.86707296160798	0.518338077774833	0.973426463275973	0.706880897587051	1.01800961928091	1.08331539478048	0.653960678961476	0.407752207250627	0	0.258533551399157	0	0.0172098125898249	0.129526757846348	0.230036542533313	0.337224490262779	0.267252441141993	0.316507236854696	0.352630938847037	0.32728792661396	0.366256554086283	0.387670682426088	0.169416942819127	0.222598396207316	0.19792370811387	0.182719764738279	0.142025482840655	0.25649726585545	0.0809441302107379	0.159822292968947	0.159822292968947	0.159822292968947
	1	1	1	1	1.00691968103739	1.48539010803751	0.999325267565748	0.918818732712265	0.861332242427487	0.928975178183036	0.553912077324165	1.03331125869329	0.75078161842655	1.11309306680718	1.1630404377189	0.703358813214446	0.437185515817026	0	0.2737506698235	0	0.0542672363458462	0.352878979330626	0.270971145379281	0.233931334302308	0.26448386525683	0.406717253116182	0.567084214723601	0.537172115477212	0.375932455412388	0.390044851511593	0.138700844558961	0.162081750292673	0.131218938516018	0.232515014970752	0.105104238719167	0.240376776096019	0.0668615283833028	0.137447514399496	0.137447514399496	0.137447514399496
39	1	1	1	1	0	0	0	0	0	0	0	0	0	0	0	0	0	0	0	0	0	0	0	0	0	0	0	0	0	0	0	0	0	0	0	0	0	0	0	0
	1	1	1	1	1.12991396009062	1.73960866392358	1.4738928194514	1.32086573273516	1.35806350863397	1.46417460071474	0.871559976412328	1.62040862005935	1.17766333555706	1.67374029799609	1.83049855570652	1.10409477578794	0.686453832665475	0	0.429069816551684	0	0.00331095847894637	0.01253759596084	0.0965814946857762	0.0773148372909355	0.0366304995636977	0.154370379364964	0.147420491939964	0.197846213811437	0.0769665400534756	0.444893448375807	0.0524673059501361	0.0731398187107665	0.0885188976015772	0.199929568160288	0.0388841072401189	0.227191247587905	0.0423376042951147	0.102804319707713	0.102804319707713	0.102804319707713
	1	1	1	1	1.11045132866089	1.68560476755261	1.40865785528292	1.26415665496456	1.26090798050787	1.35964242573408	0.809795315573513	1.50764263775415	1.09558560395203	1.55706440531257	1.69953521237824	1.0251021195317	0.637625211898279	0	0.399385515429208	0	0.00307407536823746	0.0166863675781315	0.11614628771198	0.128111382852821	0.0755383431466348	0.17533259491629	0.166996673065147	0.205019558448144	0.124860226758603	0.435122471644693	0.0742306638693215	0.102427492326965	0.111511701004077	0.193586848958304	0.0587597588335637	0.23322907308898	0.0497954190279483	0.113928083650164	0.113928083650164	0.113928083650164
	1	1	1	1	1.09984470941612	1.65617407270494	1.3731065256038	1.23325170781973	1.20796078793121	1.30267515577108	0.776135209402095	1.44618816062486	1.05085541159584	1.49347913046388	1.62816365490303	0.982053211624854	0.611014905342612	0	0.38320835661643	0	0.00294498033965006	0.0189473383536924	0.126808582324144	0.155794156360092	0.0967420885913042	0.186756447835796	0.177665173889982	0.208928841504127	0.150961018984148	0.429797547817684	0.086091118185068	0.118388499641612	0.124042170583218	0.190130234790028	0.0695914631411025	0.236519528256233	0.0538597307606566	0.119990240719331	0.119990240719331	0.119990240719331
40	1	1	1	1	0	0	0	0	0	0	0	0	0	0	0	0	0	0	0	0	0	0	0	0	0	0	0	0	0	0	0	0	0	0	0	0	0	0	0	0
	1	1	1	1	1.00131717159662	1.3827849905912	1.04286133638204	0.94616792755462	0.716121079288473	0.773491943267266	0.463458068149253	0.87532215895162	0.635345472251162	0.902819616075665	0.965175414626518	0.582161143851213	0.363825115170381	0	0.232934684114832	0	0.00174578434534455	0.039950061130572	0.225853302550188	0.412946360162509	0.2937089809632	0.292875473568316	0.276767545177079	0.245243149131917	0.393417803165295	0.38033299915764	0.196265843437616	0.266654286839203	0.240440835121247	0.158020881627363	0.170209872379907	0.267085388918633	0.0916141385237167	0.176303133274085	0.176303133274085	0.176303133274085
	1	1	1	1	1.01586285282427	1.45042146316719	1.07209239552113	0.974867332439246	0.825464371771486	0.890901257002096	0.532387784459381	0.998927638111153	0.725451421737114	1.04537535543724	1.11323297200515	0.672044743140637	0.418898104634494	0	0.265230246232693	0	0.0183564968959816	0.135264612102354	0.227131234389269	0.32347836482564	0.2589833466305	0.314766347933675	0.354859099779227	0.33199070624989	0.356464957247008	0.389797003206215	0.163928261451299	0.214644370366751	0.191111116665194	0.185528282881898	0.136750358396691	0.254749621855344	0.0789580043162142	0.156819328189416	0.156819328189416	0.156819328189416
	1	1	1	1	0.95630114646115	1.43115888847826	0.767946346699479	0.728075883326965	0.724766177031108	0.781294162488639	0.465249810576132	0.864350082927521	0.628239820707278	0.984629904418782	0.9810560308661	0.595426352932238	0.368926097399962	0	0.228508321849865	0	0.105600053833192	0.674771898321713	0.372117164501659	0.203231268059538	0.34782383748686	0.579959221075345	0.911104244432046	0.846995615172478	0.496831542037612	0.371465276145992	0.144496191538992	0.143035964565319	0.0894021432621592	0.287988416406525	0.0979837286630203	0.231349526828187	0.0638694185003193	0.131067557997176	0.131067557997176	0.131067557997176
